1
0000000080 1 D 100 100 100 100
0000000070 1 A 100 100 30 100
0000000060 1 B 100 100 100 100
0000000050 1 D 100 20 100 100
0010000080 1 D 100 100 100 100
0000000010 1 D 20 70 60 100
0000000040 1 C 100 100 100 100
0000000030 1 E 100 20 30 100
0000000020 1 D 100 10 30 100
0000000010 1 A 20 70 60 100
0000000011 2 B 20 70 60 100
0010040080 1 D 100 100 100 100
0000000111 2 D 20 70 60 100
0000000030 1 D 100 20 30 100
0000004111 2 C 20 70 60 100
0000300111 2 A 90 70 60 100
0000004111 2 C 80 70 60 100
0002000111 2 D 60 70 60 100
0010000111 2 B 50 70 60 100
0000004111 2 C 80 70 60 100
0

4

5
0

5
2

5
1

3
0000004111
A
B
C
D
E
0000004111
0

2
A
E
D
0

4

5
0

5
2

5
1

3
0000004111
A
B
C
D
E
0000004111
0

1
0000300080 1 D 100 100 100 100
0000020070 1 A 100 100 30 100
0000000060 1 B 100 100 100 100
0000001050 1 D 100 20 100 100
0010001080 1 D 100 100 100 100
0000000110 1 D 20 70 60 100
0020000040 1 C 100 100 100 100
0000000030 1 E 100 20 30 100
0000010020 1 D 100 10 30 100
0000400010 1 A 20 70 60 100
0000000011 2 B 20 70 60 100
0010040080 1 D 100 100 100 100
0000003111 2 D 20 70 60 100
0030000030 1 D 100 20 30 100
0000004111 2 C 20 70 60 100
0030300111 2 A 90 70 60 100
0000004111 2 C 80 70 60 100
0002400111 2 D 60 70 60 100
0010000111 2 B 50 70 60 100
0000054111 2 C 80 70 60 100
0


4

5
0

5
2

5
1

3
0000004111
A
B
C
D
E
0000004111
0

0