100
42
0 0 2 0 1 2 3 5 5 4 8 7 2 9 1 7 8 6 9 19 4 15 5 12 21 21 2 8 24 21 6 2 28 11 32 26 13 22 26 0 4 7 
23
0 0 2 0 0 2 1 2 2 4 9 7 0 3 1 2 1 9 5 18 16 16 13 
7
0 1 0 1 3 0 4 
91
0 0 2 3 3 1 1 7 6 8 1 9 7 9 8 0 16 9 9 9 0 7 16 1 2 8 14 19 13 3 3 30 10 8 4 12 28 7 9 36 16 12 16 3 11 27 14 1 26 11 0 0 35 10 38 1 36 2 43 1 39 55 6 16 58 40 8 53 43 21 61 3 40 22 8 71 26 27 63 55 54 70 59 5 69 38 46 66 63 66 24 
38
0 0 0 1 1 0 5 7 2 6 8 11 2 5 12 3 5 15 5 19 11 0 13 19 10 2 22 11 11 12 4 25 12 11 28 34 12 30 
17
0 1 1 3 2 2 4 6 3 2 7 1 12 10 14 7 5 
94
0 0 0 2 0 0 3 3 7 8 9 1 0 1 13 3 11 11 8 5 16 4 22 2 22 13 15 16 20 10 16 14 7 27 5 6 2 24 31 23 13 26 4 35 4 5 11 45 35 49 7 4 3 7 5 41 6 38 54 57 60 9 33 22 52 54 61 49 38 41 3 49 69 7 11 46 74 77 18 4 14 9 67 6 32 74 31 79 52 23 82 48 75 71 
19
0 1 2 2 2 3 3 2 5 9 10 1 1 0 7 1 0 6 8 
83
0 0 0 2 1 3 1 5 3 4 1 3 6 12 10 10 13 8 3 13 17 11 22 0 3 5 17 27 22 4 12 14 19 12 6 3 5 12 6 27 5 2 37 2 36 14 44 28 34 1 16 39 0 43 14 13 55 14 30 21 27 59 7 12 39 40 52 46 63 36 45 13 64 25 11 19 21 23 68 66 58 16 66 
44
0 1 2 3 4 5 1 5 1 7 0 7 8 13 1 12 6 2 8 13 7 10 14 7 3 9 0 12 22 8 9 14 18 29 8 4 14 15 10 26 7 5 1 3 
79
0 0 2 1 4 2 2 0 6 0 3 7 6 5 10 7 9 8 10 4 0 10 6 5 15 19 17 14 10 24 8 3 3 23 22 13 17 19 1 32 5 34 23 12 3 42 39 28 33 14 34 33 45 30 39 20 20 12 31 50 35 27 49 32 18 29 18 64 54 37 31 19 66 34 43 63 71 72 33 
88
0 0 1 3 4 2 1 2 1 6 0 3 1 7 12 6 8 2 10 17 17 14 16 4 17 15 18 24 1 8 14 18 30 4 31 5 18 9 2 9 1 21 8 37 29 22 35 22 19 7 49 34 33 17 52 19 24 5 9 24 41 37 9 52 61 64 25 37 39 47 47 33 24 9 27 61 41 14 56 6 60 14 67 58 35 9 75 24 
49
0 1 1 1 4 4 1 2 0 1 10 1 3 4 0 5 0 11 18 13 17 13 9 10 21 20 18 2 24 0 15 31 19 17 8 4 5 27 2 10 25 20 13 21 33 16 19 15 4 
4
0 1 2 1 
93
0 0 0 0 4 5 6 3 2 7 6 3 3 13 3 2 12 3 18 1 15 20 7 22 7 14 16 7 2 10 3 0 11 4 3 26 7 4 11 24 24 29 33 7 14 1 16 42 41 21 7 33 39 20 21 53 32 35 27 18 49 5 56 49 46 46 24 26 0 21 18 31 15 61 67 38 24 20 33 25 28 61 80 29 36 32 4 49 18 28 76 70 16 
70
0 1 1 3 2 2 6 7 2 3 0 10 0 4 9 10 11 15 14 9 17 15 19 23 19 3 26 22 23 6 30 17 23 9 31 29 1 2 19 22 36 2 17 41 10 37 0 29 46 34 39 40 43 44 35 15 34 31 27 46 27 6 13 37 29 46 25 10 60 5 
13
0 1 0 3 3 4 1 3 1 4 5 2 12 
83
0 1 0 1 4 1 4 3 3 0 3 4 12 0 13 10 9 4 18 10 14 5 13 8 15 13 21 19 18 20 23 31 19 29 2 33 4 0 28 32 24 37 41 20 36 28 6 23 28 9 9 17 26 11 15 3 10 2 31 9 17 53 40 56 19 48 45 19 33 17 33 49 17 31 23 22 9 27 78 10 9 3 75 
70
0 0 1 0 2 1 0 1 8 3 1 6 8 7 14 1 13 9 16 8 18 19 22 21 17 1 20 3 11 27 12 19 6 3 9 25 21 12 23 18 13 38 28 4 17 1 32 28 24 13 49 16 46 21 37 33 1 15 15 56 35 14 62 57 12 18 65 54 20 10 
17
0 1 1 3 0 5 2 2 7 4 8 11 10 7 1 9 9 
25
0 0 1 1 0 1 2 2 3 8 8 7 9 10 14 15 1 8 3 2 16 16 9 4 2 
46
0 1 1 3 1 1 1 2 3 5 10 4 1 5 2 12 5 5 9 5 14 18 1 2 22 0 10 22 28 16 7 20 6 12 14 20 10 18 5 26 4 30 13 13 28 45 
76
0 0 1 0 0 3 4 5 1 2 4 4 12 7 6 8 16 13 13 19 5 7 22 6 4 6 3 2 27 10 13 16 26 8 9 18 23 37 34 5 31 30 1 0 39 39 20 20 18 29 39 36 23 0 44 21 26 33 24 8 59 8 57 15 57 30 65 5 7 30 18 44 50 33 55 60 
86
0 0 1 1 1 0 0 5 1 4 9 11 4 8 9 8 7 8 2 0 18 17 6 4 6 24 20 18 13 18 19 4 15 1 2 8 14 35 2 16 1 34 18 23 10 20 37 45 31 15 28 3 20 44 43 29 26 56 51 51 44 23 6 27 11 28 30 37 4 58 5 47 6 37 55 10 1 19 27 26 2 44 31 72 78 70 
59
0 1 1 2 2 5 3 2 1 3 6 1 10 10 12 5 12 4 10 14 9 18 4 23 5 4 20 19 5 11 2 5 29 16 6 23 9 2 32 35 11 38 17 10 4 29 10 10 25 46 25 29 1 13 6 1 5 34 54 
29
0 0 0 0 4 2 2 4 8 0 8 8 1 1 5 0 10 5 0 9 5 13 13 2 20 9 11 4 25 
96
0 0 0 1 4 0 1 1 3 7 9 1 5 8 1 4 10 15 12 5 18 16 1 15 0 22 11 22 14 11 3 28 31 6 19 26 21 8 33 36 24 21 19 21 10 7 43 2 46 4 48 10 8 0 0 41 6 31 49 54 59 55 32 12 47 26 17 24 62 67 46 60 2 9 57 66 0 70 64 58 36 52 40 14 73 20 43 77 69 81 36 23 63 91 8 93 
88
0 1 0 0 1 4 2 3 1 7 2 2 0 2 9 9 13 5 14 18 17 12 3 3 1 24 8 11 17 15 30 26 5 29 16 33 10 13 2 28 26 3 19 10 38 14 5 35 11 3 19 19 23 0 15 36 36 30 54 58 23 25 18 40 8 23 25 18 19 30 49 62 25 32 21 63 63 6 46 24 65 43 9 69 35 19 53 19 
96
0 1 1 0 4 1 3 7 8 7 1 10 6 5 3 12 5 4 7 1 20 9 22 0 5 14 10 8 13 4 20 2 25 23 19 29 18 14 9 19 6 15 4 26 28 35 33 6 31 36 9 36 45 31 8 0 7 12 54 47 48 16 2 59 15 22 14 50 19 19 45 55 67 34 22 32 10 34 1 30 43 4 41 42 59 73 83 13 60 29 49 15 88 80 29 85 
48
0 1 0 1 2 1 0 4 3 1 1 8 11 4 6 6 6 9 15 15 8 12 20 7 9 24 21 11 7 22 14 26 32 20 22 5 29 24 18 22 20 33 33 43 8 19 9 22 
79
0 0 0 3 4 0 3 4 5 9 1 5 4 5 1 4 16 3 15 5 12 13 7 10 21 10 10 12 20 12 3 15 29 11 29 3 22 36 1 22 23 22 35 42 41 5 33 19 15 6 37 32 28 42 52 6 46 23 51 20 11 24 21 31 43 50 61 35 23 60 24 24 52 23 36 56 20 66 0 
88
0 1 1 3 3 4 1 2 4 4 3 4 5 10 13 5 3 10 10 19 6 1 18 7 18 8 10 20 9 15 0 20 23 5 5 16 12 18 21 4 9 35 42 21 2 4 10 39 5 40 41 14 24 11 51 48 0 29 58 14 49 15 42 16 31 33 61 37 49 62 10 65 60 37 51 1 60 3 65 37 35 44 57 79 20 5 15 15 
76
0 0 1 3 2 2 4 6 1 0 2 2 8 1 2 14 5 15 5 3 8 12 13 8 20 9 23 25 17 12 15 23 20 3 2 25 23 22 5 23 14 6 14 32 19 21 4 41 9 10 46 44 42 53 34 55 12 56 22 41 5 12 61 6 45 22 46 48 67 55 48 67 63 18 18 53 
53
0 0 1 1 2 0 5 7 3 7 2 11 6 11 5 1 6 6 2 18 20 16 20 13 1 7 4 27 15 19 9 5 11 11 22 22 36 16 10 9 10 4 13 24 44 32 21 17 15 32 41 4 26 
64
0 0 1 0 4 1 2 4 1 2 3 6 4 9 7 8 1 0 1 6 6 9 12 9 21 20 10 19 19 19 15 8 25 27 16 19 34 32 3 12 20 11 40 28 26 7 22 36 46 2 42 36 45 23 39 37 32 19 56 40 40 42 44 28 
31
0 1 1 0 1 4 6 0 3 3 4 1 11 4 6 12 13 6 18 0 15 4 14 2 0 2 15 8 19 2 10 
38
0 1 2 0 1 0 2 3 0 0 8 0 11 2 5 6 3 11 13 4 18 0 16 4 16 3 2 23 27 15 1 5 31 18 21 26 34 22 
69
0 1 2 1 2 0 4 7 4 6 2 4 8 6 3 10 13 6 2 17 9 20 16 23 17 13 9 3 15 2 17 31 29 18 31 4 28 6 12 24 16 17 9 30 9 34 36 30 32 38 18 46 12 22 24 21 29 10 8 48 9 8 32 3 48 33 11 38 57 
68
0 0 0 1 4 0 6 5 5 4 7 0 2 4 8 10 5 17 6 6 7 17 20 3 11 12 12 1 0 28 13 21 11 6 13 28 15 27 5 30 5 7 36 12 35 38 4 35 6 45 24 14 19 30 54 12 10 27 33 20 40 58 52 32 1 45 18 8 
14
0 0 0 0 4 5 0 5 3 8 0 4 2 8 
75
0 0 1 2 2 5 5 4 0 7 6 0 2 9 11 6 11 6 5 19 7 4 14 16 18 13 12 10 17 1 22 4 27 10 34 26 10 30 13 30 24 10 6 9 27 1 23 0 15 14 25 18 26 53 40 22 1 33 32 47 26 25 29 63 20 53 60 12 50 40 20 67 9 50 43 
65
0 0 1 1 2 2 4 5 3 2 2 10 0 4 13 9 12 15 8 0 15 4 13 19 20 18 26 4 3 4 21 7 24 29 31 22 33 31 34 28 2 29 42 2 37 14 27 9 32 22 48 21 10 28 44 17 32 12 5 17 16 9 28 13 3 
23
0 1 1 1 1 1 4 5 1 9 6 7 2 10 11 14 4 13 7 2 16 9 3 
56
0 0 1 2 2 5 6 1 4 2 2 1 1 11 0 6 6 2 0 11 4 2 19 7 15 10 11 25 25 21 24 2 13 10 9 34 23 19 9 24 9 41 23 22 3 29 23 42 13 29 43 29 49 50 52 36 
28
0 0 1 1 2 4 2 4 2 1 8 9 2 11 8 3 10 8 1 0 16 0 8 14 15 17 0 14 
52
0 0 2 3 1 2 4 7 4 5 4 4 11 1 3 7 2 17 14 18 11 4 3 8 6 13 1 27 5 9 23 6 0 14 23 8 8 34 13 2 0 40 11 32 30 30 40 18 10 11 0 9 
74
0 0 2 2 1 3 4 3 5 7 10 5 9 8 13 15 6 16 1 17 20 8 19 5 2 11 25 3 15 26 0 10 12 5 32 34 31 2 32 30 30 3 33 38 20 37 4 31 41 3 41 4 50 50 5 17 5 43 1 42 40 18 8 28 35 49 24 59 10 40 27 61 37 21 
24
0 1 2 1 1 1 6 3 3 4 2 7 12 7 0 8 10 5 7 16 10 16 8 14 
71
0 0 1 3 1 3 0 4 4 7 1 6 6 0 13 4 9 13 1 3 20 3 5 23 17 18 20 20 15 1 9 30 28 22 9 31 9 13 30 26 8 40 20 36 44 41 25 30 32 38 50 44 23 20 42 26 15 18 13 21 47 45 56 47 13 24 50 20 53 66 18 
9
0 0 0 1 2 3 1 0 5 
62
0 1 0 3 3 5 3 6 8 8 8 3 12 6 6 12 4 4 12 0 20 12 9 7 6 7 10 6 22 23 18 13 23 15 17 17 2 13 19 30 33 14 32 1 12 4 43 23 15 1 8 4 22 11 50 6 45 45 7 42 23 8 
8
0 0 0 2 3 5 2 2 
24
0 1 2 0 3 5 2 7 4 2 6 0 8 6 4 15 15 9 16 7 0 8 9 9 
89
0 1 1 2 3 5 3 1 4 7 2 8 10 2 5 4 5 13 12 1 16 4 5 21 6 20 0 2 16 15 24 17 27 30 8 9 20 1 21 29 16 32 7 7 32 35 12 27 25 13 4 31 20 7 12 1 52 21 20 31 30 15 13 56 35 7 26 5 20 3 10 25 40 19 37 19 50 64 61 71 11 7 0 82 73 20 44 67 39 
42
0 0 0 2 1 3 3 1 2 6 5 3 12 6 9 4 2 7 4 17 6 11 17 18 24 15 20 2 18 13 12 10 14 24 18 2 31 26 22 13 6 40 
78
0 1 0 0 0 2 1 6 4 3 0 5 11 2 5 0 0 2 4 9 11 8 21 23 9 22 18 17 7 4 22 23 31 18 15 34 28 30 5 26 6 17 15 8 18 8 21 25 17 22 5 45 32 52 34 13 20 37 19 25 43 54 29 7 36 35 56 42 52 3 50 15 34 71 56 72 36 70 
98
0 1 2 2 1 4 6 7 4 8 6 1 0 4 9 7 8 5 14 18 20 4 13 6 5 16 0 13 2 21 17 30 6 31 3 22 11 8 24 11 8 13 37 41 25 32 15 7 40 44 43 6 1 38 52 30 40 0 18 39 7 30 2 60 36 7 62 6 38 16 67 64 39 40 31 15 66 48 63 21 45 52 61 63 76 51 61 45 13 50 11 79 76 72 7 25 84 50 
88
0 1 1 0 1 3 0 2 1 7 8 6 2 9 11 5 16 2 13 1 14 15 20 5 2 24 23 18 1 10 4 17 26 7 8 29 11 13 0 10 19 35 22 26 20 5 16 4 13 10 6 31 31 9 19 55 2 21 38 19 4 26 43 0 56 60 19 23 30 31 20 3 53 31 0 14 73 3 46 26 71 25 51 67 20 75 77 6 
36
0 1 1 0 1 5 3 2 5 8 0 0 1 12 6 6 11 14 9 12 14 10 15 23 3 14 11 26 5 27 12 26 13 15 29 19 
28
0 1 2 1 3 5 1 1 3 0 9 5 12 13 7 10 1 9 7 1 14 9 18 1 8 21 13 26 
14
0 1 0 3 2 1 2 4 4 4 1 11 0 7 
56
0 1 2 0 4 2 0 2 8 0 0 4 7 2 2 1 16 5 3 14 14 10 14 7 13 16 1 23 24 6 16 16 1 22 25 24 28 22 27 16 21 7 26 7 4 29 4 33 2 41 27 21 41 43 9 34 
27
0 0 1 0 2 0 3 0 7 2 10 5 10 7 5 15 12 16 15 8 2 15 2 7 22 11 15 
43
0 0 1 1 2 5 3 6 1 9 7 5 8 4 4 15 5 9 13 2 7 10 14 7 7 21 13 7 28 11 14 15 17 22 3 12 32 19 12 23 10 3 6 
83
0 1 0 1 2 1 1 4 2 1 0 4 5 13 12 9 1 11 3 14 4 15 8 19 7 11 14 3 8 7 19 6 14 2 29 23 3 37 33 12 14 27 2 43 36 30 9 10 15 35 7 42 24 40 47 20 18 9 11 2 27 30 14 46 55 37 58 2 53 2 70 52 15 63 44 20 10 74 10 14 57 80 18 
69
0 1 0 2 4 4 0 6 7 9 8 0 0 4 6 2 5 1 4 18 20 10 14 17 8 19 3 23 3 18 19 10 13 27 4 13 16 22 1 14 3 1 35 19 4 2 38 32 23 8 24 4 50 39 48 6 9 7 8 16 39 4 42 5 32 14 14 16 31 
57
0 1 1 0 0 1 2 4 6 0 3 9 4 2 1 7 16 3 14 3 20 6 7 9 2 3 16 13 1 10 0 25 25 6 9 13 20 21 17 9 7 22 40 34 3 26 28 12 18 46 10 21 8 28 35 48 46 
38
0 0 2 1 2 2 4 6 7 7 8 6 3 1 3 14 3 16 1 10 19 15 14 13 3 23 24 6 13 14 3 31 28 12 30 14 34 9 
85
0 0 0 1 3 1 0 6 5 8 2 3 11 4 13 10 10 15 1 10 14 9 18 12 7 23 13 14 19 20 9 14 5 29 7 23 17 3 27 31 5 13 34 3 22 32 33 32 38 14 20 20 52 49 41 42 5 33 23 7 52 15 62 45 46 43 42 4 1 39 56 22 4 29 38 40 27 50 5 63 18 36 32 63 24 
26
0 0 2 0 3 2 0 6 5 8 3 3 4 8 11 11 1 0 3 18 19 4 8 16 20 12 
67
0 1 1 3 3 5 6 1 7 1 3 11 1 6 4 2 8 8 18 3 15 14 1 18 15 11 16 13 3 11 19 7 13 29 30 27 23 24 0 34 38 27 42 28 40 29 30 18 36 4 30 1 8 51 30 39 2 56 45 30 5 34 61 32 29 25 35 
30
0 0 2 0 4 4 5 1 4 6 6 11 12 12 3 8 11 14 12 1 15 20 16 1 6 10 6 20 12 23 
65
0 1 2 3 3 1 1 5 0 0 8 9 4 10 2 13 14 13 4 17 15 1 14 14 16 4 6 16 23 28 15 6 18 29 24 6 8 11 38 23 0 36 40 1 25 3 5 44 26 49 35 1 27 30 19 8 14 52 50 46 43 57 6 9 57 
18
0 1 1 0 2 0 3 5 7 7 9 1 4 8 11 7 12 8 
27
0 1 2 3 4 3 1 4 4 6 4 5 0 12 7 2 10 10 10 8 12 13 3 16 17 14 20 
61
0 1 2 1 1 5 5 7 7 7 7 5 6 3 13 15 5 1 13 3 8 17 5 11 16 9 25 10 12 24 28 13 28 17 25 27 24 15 34 24 34 29 26 27 0 0 38 4 20 31 31 9 23 30 27 54 23 51 20 52 31 
32
0 1 1 0 2 3 5 4 4 4 1 10 3 0 9 9 0 2 16 16 11 16 20 22 7 8 3 0 25 17 17 8 
16
0 1 0 2 2 2 6 7 7 2 4 1 5 13 11 3 
23
0 0 1 0 2 4 4 1 7 4 1 6 7 9 6 6 4 12 16 10 9 14 19 
60
0 0 2 0 0 3 3 0 5 5 6 0 4 1 2 4 11 1 13 13 20 14 1 19 8 12 2 6 25 24 19 19 12 17 10 14 21 10 38 35 22 8 29 8 3 10 40 3 17 43 34 4 5 16 51 3 27 46 48 55 
62
0 1 1 0 0 0 2 1 6 0 7 5 12 11 7 8 4 10 11 17 8 5 14 20 10 4 6 20 5 9 15 6 8 7 23 18 24 3 4 17 36 6 13 14 37 10 29 11 6 17 43 21 19 36 26 26 4 33 38 14 38 40 
59
0 1 2 2 2 3 0 0 6 7 1 3 0 4 5 4 9 1 10 16 11 10 0 19 23 15 19 16 22 12 30 31 6 32 14 10 8 27 8 24 25 7 21 11 5 15 24 9 8 0 32 36 7 53 43 30 39 56 24 
87
0 0 1 3 2 2 3 6 6 4 0 8 9 11 12 11 8 9 3 5 9 4 3 18 20 25 1 11 6 9 0 24 32 25 14 7 10 0 16 27 32 1 17 5 17 21 40 2 48 32 3 28 43 24 50 4 24 41 28 54 54 28 53 18 55 14 58 58 64 52 4 43 63 52 59 6 27 0 61 47 13 12 54 24 49 44 37 
32
0 1 0 2 0 4 5 0 1 2 6 6 3 5 6 1 8 5 12 11 19 2 6 17 12 11 2 8 22 0 14 25 
7
0 0 2 0 2 1 6 
53
0 0 2 1 1 5 3 4 2 1 0 2 1 8 1 7 5 8 16 17 4 17 6 11 8 18 5 14 16 5 11 31 18 20 10 3 22 35 24 25 24 22 33 3 31 2 1 30 44 8 17 13 35 
59
0 0 2 3 1 0 2 5 5 5 4 2 8 9 1 14 2 8 5 1 4 17 12 2 21 15 26 3 7 26 1 4 22 15 14 11 15 18 10 38 37 6 34 6 20 16 13 32 24 17 17 17 50 38 4 27 47 4 54 
15
0 1 1 2 0 1 0 1 6 6 0 5 8 12 6 
90
0 1 0 2 3 4 1 4 0 5 9 8 9 11 7 1 12 0 2 16 6 18 17 2 17 2 15 19 5 24 20 17 21 20 26 30 33 18 36 33 24 27 1 16 39 44 31 7 39 34 17 5 48 17 27 44 50 15 46 46 8 26 62 15 21 3 46 25 67 50 36 31 12 62 2 34 11 52 4 41 62 75 1 37 21 36 9 59 87 22 
17
0 1 1 1 4 4 1 6 8 3 6 11 10 4 2 13 4 
27
0 0 0 2 0 5 1 5 6 6 0 5 4 6 8 13 11 14 2 13 6 1 22 18 22 1 14 
36
0 0 0 3 2 0 5 6 2 5 5 8 10 1 6 10 7 15 15 12 0 6 9 11 1 10 12 23 19 7 22 1 15 15 5 18 
56
0 0 2 1 4 4 6 5 4 7 2 8 0 11 1 8 5 14 9 11 5 3 6 5 18 15 13 1 17 18 19 24 17 4 2 6 0 23 6 35 26 7 38 43 24 14 15 37 39 32 2 45 51 42 0 50 
79
0 1 0 1 0 1 5 3 8 0 9 11 5 0 5 14 8 3 2 1 6 11 21 12 20 23 11 11 8 22 7 16 18 7 11 10 29 20 15 31 40 2 42 9 31 45 15 11 10 39 12 32 12 21 21 23 0 8 11 14 33 30 44 47 30 13 25 15 0 4 7 14 1 56 71 38 8 23 76 
55
0 1 0 2 0 2 6 2 6 9 8 7 10 5 14 11 3 15 2 14 11 13 20 14 6 22 15 7 26 0 19 9 1 23 32 28 35 34 11 31 0 13 0 38 33 6 9 21 1 27 37 22 3 8 50 
17
0 1 0 3 3 3 0 0 4 6 9 5 12 9 13 5 5 
87
0 1 1 0 2 3 1 7 1 1 3 5 7 0 7 3 13 5 2 9 1 4 16 12 24 14 19 21 0 2 28 4 11 7 9 34 33 28 33 35 11 28 13 41 40 29 28 2 9 10 1 22 50 35 10 24 44 49 13 52 30 13 55 23 55 3 18 18 33 14 51 56 19 46 33 9 53 22 61 50 31 60 52 47 30 3 86 
14
0 1 1 0 1 0 5 4 7 4 8 3 9 5 
36
0 1 0 0 3 1 1 3 0 5 1 10 10 11 14 14 8 7 18 0 11 15 16 19 23 13 3 5 15 2 14 1 12 8 5 0 
90
0 1 0 1 2 2 5 7 6 0 2 8 6 2 9 3 5 17 14 8 14 7 14 8 15 8 3 17 3 8 23 5 7 3 30 22 5 6 20 30 27 31 10 6 23 26 42 6 32 24 0 39 45 29 49 5 35 9 48 42 13 33 16 7 10 1 41 25 1 48 5 45 68 62 36 67 51 11 7 54 11 38 54 13 5 28 65 81 52 48 
