4 10
1 1 
2 2 
3 3 
4 4

4 10
1 1 
2 2 
3 3
3 3

2 10
1 10 
1 10

2 20
10 15
8 12

1 1
1 10

1 1
2 10

6 454610
73 637357
31 981173
69 917574
15 114820
96 278671
52 672974

6 608587415
 789169 943828
 37065 733321
 100806 897299
 511856 766288
 238522 665707
 936569 976127

3 100
 10 200
 3 150
 50 110

7  2000000000
 0 1000000000
 0 1000000000
 0 1000000000
 0 100000
 0 1000000000
 0 1000000000
 0 1000000000

5 25
 0 10
 1 10
 2 15
 3 5
 6 8

4 19
 0 10
 1 10
 2 15
 3 5

5 2000000000
51 457
36 54654545
59 1003332000
252 2000000000
131 645489555

3 8

1 2
 2 3
 3 4

3 7

1 2
 2 3
 3 4

3 6

1 2
 2 3
 3 4

3 9

1 2
 2 3
 3 4
