100
5 3 1
627 564 734
2 3 4
772 600 4
1 2 1
120 127 123
923 399 124
32 458 298
5 2 2
531 754 266
126 458 774
2 1 1
507 185 64
403 833 198
1 4 1
520 101 796
836 59 891
534 912 524
513 513 256
219 479 219
936 95 932
743 595 455
4 5 4
1 3 4
411 434 246
457 343 190
3 4 2
218 891 94
362 752 75
584 966 702
4 3 5
2 3 3
512 512 513
512 512 256
1 1 1000
229 246 132
828 213 169
587 600 218
833 338 384
109 820 41
129 27 438
323 139 435
179 823 37
2 2 4
369 602 983
120 501 37
879 406 37
413 422 155
547 424 643
254 55 7
4 5 2
191 423 182
788 219 172
216 16 362
513 513 512
940 605 241
103 143 88
2 2 2
202 415 98
512 512 1
638 398 627
495 891 484
859 356 715
684 285 133
512 512 257
492 159 71
744 171 80
331 989 480
357 225 76
748 273 257
155 460 126
5 3 4
7 8 5
632 65 745
3 2 2
1 2 1
460 679 71
513 513 2
354 415 78
625 8 744
671 470 701
3 3 1
513 513 257
206 961 16
2 3 2
1 1 4
656 875 411
687 970 777
1 1 1
45 56 35
512 512 2
1000 1000 1
394 401 912
470 589 485
4 2 2
343 162 113
3 4 2
513 513 1
292 747 761
101 402 101
