10010
1

10000
1000

10000
10000

1010101010101010101010101010101010101010101010101010101010101010101010101010101010101010101010101010
1010101010101010101010101010101010101010101010101010101010101010101010101010101010101010101010101010

1111111111111111111111111111111111111111111111111111111111111111111111111111111111111111111111111111
1111111111111111111111111111111111111111111111111111111111111111111111111111111111111111111111111111

1000000000000000000000000000001100000000000000000000000000000000000000000000000000000000000000000001
10000000000000000001

0
0

1
0

0
1

1
1
