3 : 0 0 0
4 : 1 1 1
5 : 3 2 1
6 : 7 4 2
7 : 13 6 2
8 : 22 9 3
9 : 34 12 3
10 : 50 16 4
11 : 70 20 4
12 : 95 25 5
13 : 125 30 5
14 : 161 36 6
15 : 203 42 6
16 : 252 49 7
17 : 308 56 7
18 : 372 64 8
19 : 444 72 8
20 : 525 81 9
21 : 615 90 9
22 : 715 100 10
23 : 825 110 10
24 : 946 121 11
25 : 1078 132 11
26 : 1222 144 12
27 : 1378 156 12
28 : 1547 169 13
29 : 1729 182 13
30 : 1925 196 14
31 : 2135 210 14
32 : 2360 225 15
33 : 2600 240 15
34 : 2856 256 16
35 : 3128 272 16
36 : 3417 289 17
37 : 3723 306 17
38 : 4047 324 18
39 : 4389 342 18
40 : 4750 361 19
41 : 5130 380 19
42 : 5530 400 20
43 : 5950 420 20
44 : 6391 441 21
45 : 6853 462 21
46 : 7337 484 22
47 : 7843 506 22
48 : 8372 529 23
49 : 8924 552 23
50 : 9500 576 24
51 : 10100 600 24
52 : 10725 625 25
53 : 11375 650 25
54 : 12051 676 26
55 : 12753 702 26
56 : 13482 729 27
57 : 14238 756 27
58 : 15022 784 28
59 : 15834 812 28
60 : 16675 841 29
61 : 17545 870 29
62 : 18445 900 30
63 : 19375 930 30
64 : 20336 961 31
65 : 21328 992 31
66 : 22352 1024 32
67 : 23408 1056 32
68 : 24497 1089 33
69 : 25619 1122 33
70 : 26775 1156 34
71 : 27965 1190 34
72 : 29190 1225 35
73 : 30450 1260 35
74 : 31746 1296 36
75 : 33078 1332 36
76 : 34447 1369 37
77 : 35853 1406 37
78 : 37297 1444 38
79 : 38779 1482 38
80 : 40300 1521 39
81 : 41860 1560 39
82 : 43460 1600 40
83 : 45100 1640 40
84 : 46781 1681 41
85 : 48503 1722 41
86 : 50267 1764 42
87 : 52073 1806 42
88 : 53922 1849 43
89 : 55814 1892 43
90 : 57750 1936 44
91 : 59730 1980 44
92 : 61755 2025 45
93 : 63825 2070 45
94 : 65941 2116 46
95 : 68103 2162 46
96 : 70312 2209 47
97 : 72568 2256 47
98 : 74872 2304 48
99 : 77224 2352 48
