30
106 860 288 -920 573 158 -58 -730
660 151 349 998 302 577 715 551
478 975 439 720 -483 -747 120 -209
-836 839 -889 596 -803 -49 -249 447
-552 -963 538 68 -929 512 23 -875
861 157 611 385 382 693 189 846
286 690 591 476 408 -547 188 -337
520 -173 99 -828 -862 304 -35 -813
293 -428 -762 359 -72 -347 -192 113
-255 -363 -95 -294 -724 83 443 318
842 852 -372 39 729 -818 770 627
162 606 -499 -58 -104 636 227 -236
-859 49 896 -744 844 270 813 -209
996 190 364 -300 -796 978 353 -353
-925 -506 967 -609 537 -419 367 94
166 808 -901 -110 -248 527 -947 355
278 -121 374 674 587 388 -634 -426
739 -559 477 480 -565 110 290 -840
-814 196 62 887 -425 706 -975 252
436 948 615 -312 509 960 -819 309
81 440 133 -101 142 309 903 528
638 888 -995 -410 498 -714 128 170
287 968 843 75 -483 537 -92 114
-377 696 452 -489 605 417 966 -736
296 301 -607 -475 851 140 369 778
347 98 978 166 561 520 240 229
625 366 -995 -873 304 270 -717 194
893 223 -722 -967 752 880 11 775
452 498 733 -748 556 489 278 941
-20 609 -988 324 -221 -761 498 -406
