2
3
2
3
2
5
2
3
2
3
10
5
3
6
2
3
2
5
18
3
2
10
3
5
4
3
2
3
4
9
2
7
2
4
6
5
6
4
12
3
5
4
6
10
2
4
46
7
6
7
2
3
52
8
4
3
5
28
4
9
6
5
2
7
2
10
5
3
22
9
7
5
2
6
14
18
10
5
78
3
8
3
5
11
2
6
28
5
8
14
3
6
2
46
18
11
8
5
2
3
10
16
102
5
4
52
2
11
5
21
6
3
8
5
22
28
6
9
2
11
3
11
6
5
4
5
2
7
2
3
10
21
11
66
6
9
136
8
138
13
6
3
12
11
9
8
20
6
148
4
3
18
2
6
11
5
7
78
52
3
10
8
162
3
2
6
166
13
12
4
7
6
3
28
24
15
11
6
178
14
10
3
13
22
6
5
16
11
2
4
6
7
12
3
2
13
6
17
11
7
66
10
3
16
12
102
7
15
6
11
8
3
70
7
4
5
6
9
2
19
7
10
222
3
14
15
8
7
12
22
2
10
3
17
4
9
78
16
14
19
12
3
8
3
34
5
18
13
82
7
8
5
12
126
2
15
2
42
6
8
13
10
262
7
12
11
14
8
268
17
7
10
2
13
24
8
11
7
30
3
14
5
282
8
7
15
13
11
4
12
9
7
292
20
14
36
2
148
11
7
6
12
10
18
4
33
7
8
9
11
310
5
2
7
20
3
316
9
28
19
7
22
10
17
2
12
108
3
46
21
15
11
8
166
7
20
9
12
112
13
2
5
6
7
22
9
346
28
8
12
14
21
10
11
9
88
4
17
358
19
15
12
10
3
2
11
366
22
16
36
52
5
4
12
17
15
11
5
13
37
2
9
10
23
6
12
2
11
388
8
9
13
4
14
78
21
18
8
11
3
16
66
2
10
13
8
36
5
4
9
136
3
58
8
18
25
16
13
9
27
11
8
46
10
4
17
2
9
32
8
13
11
16
6
12
14
9
5
438
21
4
21
2
10
88
8
12
3
16
14
18
15
150
10
2
7
13
228
12
17
4
32
8
9
11
232
15
5
18
13
2
58
9
10
24
6
4
14
8
23
16
9
12
3
22
26
8
3
162
34
490
9
4
10
2
13
15
5
11
24
9
250
8
5
10
14
12
126
4
9
2
7
2
4
10
42
46
6
9
14
11
28
13
3
10
21
15
9
22
4
12
11
19
5
10
13
9
268
48
26
18
15
11
31
10
4
21
14
13
24
22
19
23
11
9
138
15
30
18
3
2
4
562
5
10
282
12
7
568
29
19
3
22
9
10
11
18
16
192
12
20
4
9
72
2
292
11
13
21
19
14
9
592
5
10
148
17
4
23
29
9
6
66
12
14
10
606
3
19
9
46
33
18
4
40
10
15
102
9
30
11
23
88
5
24
5
13
9
36
4
17
11
2
316
126
10
9
28
22
12
20
16
11
3
2
9
14
17
24
4
5
12
13
11
130
3
8
16
658
29
14
15
38
12
9
4
28
18
222
66
60
27
21
9
14
5
26
15
96
7
20
4
9
35
19
10
11
7
14
16
23
3
2
21
138
10
24
4
17
12
5
38
14
18
22
13
10
15
11
9
78
12
30
23
21
17
2
4
9
11
20
16
15
19
12
5
10
3
8
3
14
11
17
4
6
21
10
15
738
18
20
52
11
7
13
372
10
33
12
4
25
46
15
11
26
5
3
13
14
23
12
19
108
190
2
4
10
15
24
34
2
192
12
42
30
11
6
21
40
29
5
33
15
3
12
130
4
14
262
78
112
32
22
18
52
198
10
11
21
7
8
14
4
66
34
5
26
10
11
13
27
18
15
36
22
14
24
10
2
3
12
20
13
102
32
25
826
10
23
14
5
31
12
138
16
13
22
10
4
29
21
11
2
14
12
46
3
10
282
13
16
17
852
11
4
5
12
10
22
42
6
20
13
31
11
18
16
6
28
12
4
14
8
3
23
11
876
10
292
39
22
12
16
18
26
5
4
10
13
88
2
27
46
12
19
31
28
10
16
14
25
13
2
15
21
12
4
226
10
3
5
7
24
14
13
228
130
12
10
11
17
20
4
32
22
21
102
13
10
12
11
232
19
15
54
5
3
17
4
46
13
11
40
23
8
27
16
78
10
37
2
6
11
12
4
14
32
29
10
31
5
20
16
3
192
12
13
7
10
14
19
17
27
486
2
3
976
12
10
13
28
20
982
40
14
5
11
37
10
12
4
22
13
6
16
82
996
11
10
9
