2 9 3
2 3 2
21 42 7
123 911 1
1 5 3
0 58 2
4 0 3
1 3 0
3 8 2
2 332 1
2147483647 20 10
2147483647 20 10
2147483647 20 10
2147483647 20 10
2147483647 20 10
2147483647 20 10
2147483647 20 10
2147483647 20 10
2147483647 20 10
2147483647 20 10
2147483647 20 10
2147483647 20 10
2147483647 20 10
2147483647 20 10
2147483647 20 10
2147483647 20 10
2147483647 20 10
2147483647 20 10
2147483647 20 10
2147483647 20 10
2147483647 20 10
2147483647 20 10
2147483647 20 10
2147483647 20 10
2147483647 20 10
2147483647 20 10
2147483647 20 10
2147483647 20 10
2147483647 20 10
2147483647 20 10
2147483647 20 10
2147483647 20 10
2147483647 20 10
2147483647 20 10
2147483647 20 10
2147483647 20 10
2147483647 20 10
2147483647 20 10
2147483647 20 10
2147483647 20 10
2147483647 20 10
2147483647 20 10
2147483647 20 10
2147483647 20 10
2147483647 20 10
2147483647 20 10
2147483647 20 10
2147483647 20 10
2147483647 20 10
2147483647 20 10
2147483647 20 10
2147483647 20 10
2147483647 20 10
2147483647 20 10
2147483647 20 10
2147483647 20 10
2147483647 20 10
2147483647 20 10
2147483647 20 10
2147483647 20 10
2147483647 20 10
2147483647 20 10
2147483647 20 10
2147483647 20 10
2147483647 20 10
2147483647 20 10
2147483647 2147483647 2147483647
2147483647 2147483647 2147483647
2147483647 2147483647 2147483647
2147483647 2147483647 2147483647
2147483647 2147483647 2147483647
2147483647 2147483647 2147483647
2147483647 2147483647 2147483647
2147483647 2147483647 2147483647
2147483647 2147483647 2147483647
2147483647 2147483647 2147483647
2147483647 2147483647 2147483647
2147483647 2147483647 2147483647
2147483647 2147483647 2147483647
2147483647 2147483647 2147483647
2147483647 2147483647 2147483647
2147483647 2147483647 2147483647
2147483647 2147483647 2147483647
2147483647 2147483647 2147483647
2147483647 2147483647 2147483647
2147483647 2147483647 2147483647
2147483647 2147483647 2147483647
2147483647 2147483647 2147483647
2147483647 2147483647 2147483647
2147483647 2147483647 2147483647
2147483647 2147483647 2147483647
2147483647 2147483647 2147483647
2147483647 2147483647 2147483647
2147483647 2147483647 2147483647
2147483647 2147483647 2147483647
2147483647 2147483647 2147483647
2147483647 2147483647 2147483647
2147483647 2147483647 2147483647
2147483647 2147483647 2147483647
2147483647 2147483647 2147483647
2147483647 2147483647 2147483647
2147483647 2147483647 2147483647
2147483647 2147483647 2147483647
2147483647 2147483647 2147483647
2147483647 2147483647 2147483647
2147483647 2147483647 2147483647
2147483647 2147483647 2147483647
2147483647 2147483647 2147483647
2147483647 2147483647 2147483647
2147483647 2147483647 2147483647
2147483647 2147483647 2147483647
2147483647 2147483647 2147483647
2147483647 2147483647 2147483647
2147483647 2147483647 2147483647
2147483647 2147483647 2147483647
2147483647 2147483647 2147483647
2147483647 2147483647 2147483647
2147483647 2147483647 2147483647
2147483647 2147483647 2147483647
2147483647 2147483647 2147483647
2147483647 2147483647 2147483647
2147483647 2147483647 2147483647
2147483647 2147483647 2147483647
2147483647 2147483647 2147483647
2147483647 2147483647 2147483647
2147483647 2147483647 2147483647
2147483647 2147483647 2147483647
2147483647 2147483647 2147483647
2147483647 2147483647 2147483647
2147483647 2147483647 2147483647
2147483647 2147483647 2147483647
2147483647 2147483647 2147483647
2147483647 2147483647 2147483647
2147483647 2147483647 2147483647
2147483647 2147483647 2147483647
2147483647 2147483647 2147483647
2147483647 2147483647 2147483647
2147483647 2147483647 2147483647
2147483647 2147483647 2147483647
2147483647 2147483647 2147483647