11

0
1

4

9

16

625

7206604678144

120546778316247849756252507819119912703791509159748655903049024802990791685701092640332179859970666170674596

14531525762426602775101352819482683913389232139922078053039486054659854300753746251101329772634053780736466040454958359849103887809889225196682578562415480621425964632364017910752537566510587283216011931689719763216

211165240984068059077233991242452089013738253587168633484504966378943063564027083201489544543144948284366462709758919908615828343937474101349727108374724206706784278867267773860180024930786757673012332920270836047327152919253291430455794374462807569496628341474048696354679113539011529422713152192990191980850737823323404954225678534355452991693805779313253582264972571276930182790554332426062325008045721534015211962735106662656

44590758999859536711146533489775075837705543907559071884024237705701161079518994451762214647178250578843293384343314620585252506862886852540019714171282598398828755343787583340940281381825009086791977721704804133159438037557276420382825524896326722016882100945883827015357900340935568832080739575117590852805474588237588999903926095893259761300892438696390407319239875346140204775786355926718297947296620664959841510010349828842101639721872652657114033775186250469285325122193060675415479011354626939140456725252168036395371769946626414391095016936659528545917064004336340068397649606012210177094732511468936408641221261463111125269231346297276632565302892689353825516517962404405743048695990203271191525230803625031805457381323764882094876953819280618664379909881659384031183464238572352405617221308871497908754800716808230846759942384921587625242184974336