200
1 2147483647 41
1 2147483647 8466
1 2147483647 6334
1 2147483647 6498
1 2147483647 1
1 2147483647 5723
1 2147483647 1477
1 2147483647 9356
1 2147483647 1
1 2147483647 4462
1 2147483647 5705
1 2147483647 8143
1 2147483647 3279
1 2147483647 6826
1 2147483647 1
1 2147483647 491
1 2147483647 2995
1 2147483647 1941
1 2147483647 4827
1 2147483647 1
1 2147483647 2388
1 2147483647 4603
1 2147483647 3902
1 2147483647 153
1 2147483647 292
1 2147483647 2381
1 2147483647 7420
1 2147483647 8715
1 2147483647 9717
1 2147483647 9894
1 2147483647 1
1 2147483647 1724
1 2147483647 4770
1 2147483647 1537
1 2147483647 1869
1 2147483647 9911
1 2147483647 5665
1 2147483647 6297
1 2147483647 7034
1 2147483647 9894
1 2147483647 8701
1 2147483647 1
1 2147483647 1319
1 2147483647 330
1 2147483647 7672
1 2147483647 4664
1 2147483647 5140
1 2147483647 7711
1 2147483647 8251
1 2147483647 6868
1 2147483647 5545
1 2147483647 7642
1 2147483647 2659
1 2147483647 2754
1 2147483647 35
1 2147483647 1
1 2147483647 8723
1 2147483647 9741
1 2147483647 7527
1 2147483647 778
1 2147483647 2315
1 2147483647 3035
1 2147483647 2188
1 2147483647 1842
1 2147483647 288
1 2147483647 103
1 2147483647 1
1 2147483647 8942
1 2147483647 9263
1 2147483647 2646
1 2147483647 7444
1 2147483647 3803
1 2147483647 1
1 2147483647 6729
1 2147483647 4368
1 2147483647 5349
1 2147483647 5005
1 2147483647 1098
1 2147483647 4391
1 2147483647 3548
1 2147483647 9628
1 2147483647 2622
1 2147483647 4082
1 2147483647 9953
1 2147483647 8755
1 2147483647 1
1 2147483647 4966
1 2147483647 7376
1 2147483647 3930
1 2147483647 6306
1 2147483647 6943
1 2147483647 2436
1 2147483647 4624
1 2147483647 1322
1 2147483647 5537
1 2147483647 1536
1 2147483647 6117
1 2147483647 2082
1 2147483647 2927
1 2147483647 6540
1 2147483647 1
1 2147483647 1112
1 2147483647 4639
1 2147483647 9656
1 2147483647 2702
1 2147483647 9930
1 2147483647 3976
1 2147483647 2306
1 2147483647 1670
1 2147483647 1
1 2147483647 5021
1 2147483647 8743
1 2147483647 6922
1 2147483647 9071
1 2147483647 6270
1 2147483647 5829
1 2147483647 6775
1 2147483647 5572
1 2147483647 5097
1 2147483647 6511
1 2147483647 3984
1 2147483647 1
1 2147483647 9161
1 2147483647 8635
1 2147483647 2353
1 2147483647 4765
1 2147483647 3653
1 2147483647 5573
1 2147483647 4031
1 2147483647 2051
1 2147483647 7348
1 2147483647 1150
1 2147483647 6940
1 2147483647 1
1 2147483647 3965
1 2147483647 3430
1 2147483647 1104
1 2147483647 188
1 2147483647 8006
1 2147483647 1336
1 2147483647 5456
1 2147483647 2286
1 2147483647 7751
1 2147483647 382
1 2147483647 4944
1 2147483647 8909
1 2147483647 2206
1 2147483647 9758
1 2147483647 1
1 2147483647 8587
1 2147483647 6422
1 2147483647 4944
1 2147483647 7504
1 2147483647 3029
1 2147483647 6412
1 2147483647 9166
1 2147483647 900
1 2147483647 1
1 2147483647 8761
1 2147483647 1655
1 2147483647 7409
1 2147483647 6359
1 2147483647 7622
1 2147483647 535
1 2147483647 1546
1 2147483647 2
1 2147483647 7593
1 2147483647 4041
1 2147483647 3602
1 2147483647 4348
1 2147483647 290
1 2147483647 1
1 2147483647 9374
1 2147483647 1019
1 2147483647 4596
1 2147483647 4019
1 2147483647 7346
1 2147483647 3197
1 2147483647 9667
1 2147483647 4482
1 2147483647 8281
1 2147483647 4734
1 2147483647 53
1 2147483647 1999
1 2147483647 6416
1 2147483647 7936
1 2147483647 1
1 2147483647 3788
1 2147483647 8126
1 2147483647 467
1 2147483647 3728
1 2147483647 4892
1 2147483647 4646
1 2147483647 2481
1 2147483647 7806
1 2147483647 2421
1 2147483647 4309
1 2147483647 6617
1 2147483647 2811
1 2147483647 3
