8
00000000
00000000
00001111
00001111
00011111
00111111
00111100
00111000
-8
9 14 17 22 23 44 63 69 88 94 113 -1
2
00
00
-4
0 -1
1
1
1
0
2
11
11
8
10101010
01010101
10101010
01010101
10101010
01010101
10101010
01010101
4
1111
1111
1111
1110
2
00
00
4
0001
0000
0100
0000
-8
31 32 33 34 36 37 38 39 41 42 43 44
46 47 48 49 106 107 108 109 111 112 113 114
116 117 118 119 121 122 123 124 -1
-4
12 13 -1
-2
3 -1
64
0000000000000000001111100000000000000000000000001111111111111111
0000000000000000000000000000000000000000000000001111111111111111
0000000000000000000000000000000000000000000000001111011111111011
0000000000000000000000000000000000000000000000001111111111111111
0000000000000000000000000000000000000000000000001111111111111111
0000000000000000000000000000000000000000000000001111111111111111
0000000000000000000000101010100000000000000000001111111111111111
0000000000000000000000000000000000000000000000001111111110111111
0000000000000000000000000001010101000000000000000111111111111111
0000000000111111000000000000000000000000000000001111111111111111
0000000000000000000000000001010101000000000000001111111111111111
0000000000000000000000000000000000000000000000001111111111111111
0000000000000000000000000000000000000000000000001111110111111111
0000000000000000000000000000000000000000000000001111111111111111
0000000000000000000000000000000000000000000000001111111111111101
0010000000000000000000000000000000000000000000001111111111111111
0001000000000000000001000000000000000000000000000000000000000000
0000000000000000000000000000000000000000000000000000000000000000
0000000000000000000010000000000000000000000000000000000000000000
0000010000000000000000000000000000000000000000000000000000000000
0000000000000000000100000001010101000000000000000000000000000000
0000000100000000000000000000000000000000000000000000000000000000
0000000000000000001000000000000000000000000000000000000000000000
0000000001000000000000000000000000000000000000000000000000000000
0000000000000000010000000000000000000000001010101010100000000000
0000000000000000000000000000000000000000000000000000000000000000
0000000000100001000000000000000000000000000000000000000000000001
0000000000000000000000000000000000000000011000000000000000000000
0000000000000001000000000000000000000000000000000000000000000000
0000000000000000000000100000000000000000000000000000000000000000
0000000000000010000000000000000000000000000000000000000000000000
0000000000000000000000000000000000000000000000000000000000000000
0000000000010100000000000000000000000000000000000000110000000000
0000000000001000000000000000000000000000000000000000110000000000
0000000000000000000000000000000000000000000000000000110000000000
0000000000001000000000000000000000000000000000000000110000000000
0000000000000000000000000000000000000000000000000000000000000000
0000000000000000000000000000000000000000000000000000000000000000
0000000000000000001000000000000000000000000000000000000000000000
0000000000000000000000000000000000000000000000000000000000000000
0000000000000100000000000000000000000000000000000000000000000000
0000000000010010000000000000000000000000000000000000000000000000
0000000000000000000000000000000000100010000000000000000000000000
0000000000000000000000000000000000000000000000000000000000000000
0000000000000000000000000000000000010000000000000000010000000001
0000000000000001100000000000000000000000000000000000100000000001
0000000000100000010000000000000000010000000000000000000000000000
0000000000000000001000000000000000000000000000000000000000000000
0000000000000000001000000000000000000000000000000000000000000000
0000000000000000000000000000000001000000000011110000000000000000
0000000000000000000100000000000000000000000000000000000000000000
0000000000000000000000000000000000000000000000000000000000000000
0000000000000000000010000000000000100000000000000000000000000000
0000000000000000000000000000000000000000000000000000000000000000
0000000001000000000001000000000000010000000000000000000000000000
0000000000000000000000000000000000000010000000000000000000000001
0000000000000000000000100000110000000000000000000000000000100000
0000000000000000000000000000000000000000000100000000000000000000
0000000000000000000000000000000000000000000000000000000000000000
0000000000000000000000000000000000000000000000000000000000000000
0000000000000000000000000000000000001000000000000000000000000000
0000000000000000000000100000000000000000000000100000000000000000
0000000000000000000000000000000000000000000000000000000000001000
0000000000000000000000000000000000000000000000000000000000000001
0
